MolType: LJ.reduced
TimeStep: 0.001
No. Atoms: 5000
Average Molar Mass: 1
xLength: 46.146355850856707548
yLength: 11.536588962714176887
zLength: 11.536588962714176887
Bins: 40
